0.000000000 0.000506500 0.002026000 0.032922505 0.068377511 0.040688840 0.004896167 0.000168833 
0.000000000 0.032922505 0.951375992 6.152625359 11.874725646 8.586358264 1.498564916 0.006415668 
0.000168833 0.417862570 7.143001857 16.444538241 15.367887895 16.834036806 7.947999325 0.117339186 
0.001013000 2.552085092 14.775282796 10.723619787 2.985311498 10.198885700 12.111767685 0.402161067 
0.000844167 6.396758399 15.626540604 3.059767010 1.636670606 11.651527942 10.619280770 0.386459564 
0.004727334 7.133547189 16.285159548 7.476278913 11.182846530 14.726827621 4.544656424 0.053857842 
0.001181834 2.121560020 12.137430356 16.343407057 12.626371771 4.475265913 0.331926389 0.001857167 
0.000000000 0.009117002 0.220834037 0.591423265 0.275873713 0.022117170 0.000675333 0.000000000 

0.000000000 0.000000000 0.000593296 0.009641056 0.034114506 0.013052507 0.001483239 0.000000000 
0.000444972 0.005932958 0.073865322 2.183180065 7.205725304 4.538564224 0.589735983 0.005339662 
0.000000000 0.008454465 0.122515574 3.650697123 14.972560071 5.346039751 0.282705429 0.001779887 
0.000296648 0.005487986 0.102788490 5.324087808 17.878226046 1.370513201 0.014684070 0.001186592 
0.000148324 0.002224859 0.195639276 10.928804509 13.554138238 0.094778997 0.009344408 0.001038268 
0.000000000 0.045090478 2.196825868 14.002669831 8.561554435 0.339958469 0.047611985 0.006377929 
0.000296648 0.262385049 3.939483833 9.397953130 5.822011273 0.441708692 0.021358647 0.002076535 
0.000000000 0.012459211 0.167754376 0.328834174 0.209285079 0.008751112 0.000444972 0.000000000 

0.000000000 0.003860356 0.148204095 0.578382007 0.725579053 0.227425311 0.010909701 0.000671366 
0.000671366 0.455354146 4.704263176 11.611950319 13.831990601 7.394427660 0.905337362 0.001846257 
0.006545821 1.119335347 5.852802954 8.313192346 10.873950990 12.167170191 2.324437731 0.002685465 
0.002181940 0.351124538 1.473145351 2.849949648 9.859013092 11.358677409 1.577374958 0.045988587 
0.017119839 1.664316885 7.775931521 13.857334676 16.440919772 9.197045989 2.274756630 0.360523666 
0.117489090 5.505538771 15.316884861 17.970459886 15.620174555 11.978851964 6.211144679 0.690668009 
0.046995636 2.420275260 8.367237328 8.141322591 5.362537764 4.897616650 2.238670695 0.134776771 
0.000000000 0.008056395 0.047331319 0.074857335 0.077542800 0.048338369 0.020140987 0.001174891 

0.000000000 0.001141739 0.014516392 0.081063448 0.099005056 0.033925950 0.001141739 0.000000000 
0.005708694 0.731528299 5.106671016 11.241722394 11.989235035 5.556352960 0.559288860 0.000815528 
0.037188061 1.709019736 6.277279400 8.976512804 14.489969010 11.627303866 1.494372859 0.001631055 
0.009623226 0.297993802 2.799706410 12.622410700 18.765291143 8.624041755 0.476920568 0.000815528 
0.024628935 0.414777361 3.084651770 8.815364541 11.824498450 12.615070951 1.925623879 0.006850432 
0.186755831 2.913390964 4.536290980 3.545424890 9.413146306 13.200456695 2.471048769 0.006524221 
0.116294242 3.201598434 11.361604958 15.625346599 14.255097048 5.732343826 0.422932637 0.000489317 
0.001304844 0.134072745 0.839667265 1.510683412 0.793019083 0.115968031 0.004566955 0.000000000 

0.000000000 0.000000000 0.001540568 0.005648750 0.013693940 0.017802123 0.011126327 0.000000000 
0.000342349 0.146525163 1.073604930 1.928620336 1.803149606 3.553235193 1.995378295 0.105272167 
0.007189319 0.798014379 6.423827456 8.618110236 5.430845601 11.331735707 3.595515235 0.123758987 
0.015405683 1.893871962 13.342690859 8.967648066 9.225778843 13.605956864 1.659705580 0.031667237 
0.017973297 3.317357069 15.685210544 16.081821294 19.901403629 13.101163985 2.146353988 0.077028415 
0.004792879 0.738445738 2.956350565 6.811365971 13.468675111 5.778158165 0.555460459 0.008216364 
0.000000000 0.030126669 0.996062992 5.508045190 8.038685382 3.857583020 0.459089353 0.007531667 
0.000000000 0.007189319 0.203697364 0.771311195 0.987333105 0.437521397 0.044162958 0.000000000 

0.000000000 0.000000000 0.001291275 0.009223391 0.037815901 0.052757794 0.021213798 0.000368936 
0.000184468 0.063825862 1.170263789 4.636045010 7.260837484 6.805386460 3.873824018 0.443276148 
0.000000000 0.375760930 5.635676075 13.527209002 12.310828260 9.581258070 6.147020845 1.103670909 
0.001844678 0.759453975 10.027670172 16.380741561 9.236672201 3.738609113 0.729754658 0.099243682 
0.003320421 0.707065117 5.834901310 9.787493082 10.714074894 8.508577753 1.547131526 0.028408043 
0.008854455 2.467810367 6.256041321 5.416897251 10.247186866 9.448072311 1.988562996 0.038738240 
0.002951485 1.308799115 9.284080428 13.775687143 12.076554141 4.835639181 0.552112156 0.007009777 
0.000368936 0.024165283 0.565947242 1.395867921 0.819221546 0.150525733 0.015126360 0.000553403 

0.000168976 0.007265968 0.194998310 0.971612031 2.139236228 1.520953025 0.208178439 0.003717472 
0.000000000 0.073842514 1.441872254 6.554241298 11.190942886 5.423115918 0.690604934 0.024501521 
0.000000000 0.206488679 3.963332207 12.271037513 7.450659006 1.384420412 0.359411964 0.015714769 
0.000000000 0.590233187 8.614227780 13.480736735 7.528556945 8.323251098 3.237411288 0.130111524 
0.000000000 1.045623521 12.984454208 14.848597499 14.878337276 14.441196350 6.389151740 0.304156810 
0.000000000 0.690773910 11.659006421 19.487157824 17.147347077 14.088205475 2.969246367 0.068266306 
0.000000000 0.034471105 1.733186887 7.446772558 6.983609327 1.795708009 0.093105779 0.001351808 
0.000000000 0.000000000 0.000000000 0.002365664 0.004731328 0.001013856 0.000000000 0.000000000 

0.000000000 0.000000000 0.000000000 0.000000000 0.000000000 0.000000000 0.000000000 0.000000000 
0.001755786 0.099920192 0.532003192 0.958339984 0.990422985 0.538068635 0.083160415 0.000159617 
0.224261772 3.397765363 11.450598563 16.293535515 17.313008779 14.147007183 2.698164405 0.028890662 
0.194573025 2.687470072 7.855546688 5.614844374 9.887310455 15.015323224 1.878531524 0.011971269 
0.018834796 0.690822027 1.958818835 2.423304070 14.858260176 9.603192338 0.774142059 0.018036712 
0.001755786 0.088427773 0.709816441 7.086193136 14.827773344 3.296408619 0.172386273 0.004788508 
0.000000000 0.164565044 2.834636872 11.080287310 8.708699122 1.352913009 0.044852354 0.001915403 
0.000319234 0.200319234 2.582122905 5.484756584 3.421388667 0.635275339 0.029529130 0.000000000 

0.000000000 0.000000000 0.000341822 0.003076397 0.011621945 0.009058281 0.002563664 0.000000000 
0.000000000 0.034353102 1.089557341 6.188172962 10.948726713 7.401982567 1.708254999 0.092633738 
0.003076397 0.594599214 6.939839344 14.802768757 11.842761921 14.103401128 5.704324047 0.397367971 
0.002221842 0.612715775 6.949410357 14.819176209 14.475645189 12.029396684 2.527089386 0.139121518 
0.000170911 0.167834558 4.317723466 18.036574944 17.778157580 5.291403179 0.685352931 0.023072979 
0.000341822 0.811314305 9.655956247 13.356007520 11.761921039 6.486583490 1.060160656 0.016236541 
0.000170911 0.927875577 9.301999658 16.288668604 13.396342506 4.588959152 0.428131943 0.001880021 
0.000000000 0.024269356 0.694240301 1.883609639 1.176380106 0.185951119 0.007178260 0.000000000 

